2303.17651
2305.16291
2308.10144
2310.01798
2406.07496
2408.08435
2409.07429
2501.09136
2505.15062
2506.13131
2507.21046
2508.07407
2509.00761
2510.05592
2512.08980
2601.13508
2602.14364
2603.00676
2603.11088
2603.21551
2603.22823
2603.26718
2603.26997
2603.27065
2603.27104
2603.27127
2603.27150
2603.27299
2603.27304
2603.27404
2603.27416
2603.27703
2603.28052
2603.28281
2603.28393
2603.28716
2603.28807
2603.28900
2603.28959
2603.28986
2603.29247
2603.29426
2603.29590
2603.29632
2604.00085
2604.00131
2604.00187
2604.00200
2604.00344
2604.00429
2604.00433
2604.00442
2604.00594
2604.00694
2604.00835
2604.01020
2604.01221
2604.01354
2604.01437
2604.01438
2604.01487
2604.01560
2604.01787
2604.02006
2604.02007
2604.02023
2604.02211
2604.02334
2604.02460
2604.02507
2604.02647
2604.02652
2604.02686
2604.02721
2604.02728
2604.02947
2604.03044
2604.03131
2604.03179
2604.10290
2604.18234
2604.18789
2604.19540
2605.10912
2605.12239
2605.12481
2605.12493
2605.12497
2605.13357
2605.13762
2605.14119
2605.14271
2605.14771
2605.14851
2605.14865
2605.14879
2605.14892
2605.14912
2605.14995
2605.15015
2605.15028
2605.15040
2605.15041
2605.15100
2605.15109
2605.15132
2605.15177
2605.15184
2605.15472
2605.15697
2605.15799
2605.16097
2605.16143
2605.16153
2605.16205
2605.16207
2605.16215
2605.16233
